0,412
0,411
0,410
0,409
0,408
0,407
0,406
0,405
0,404
0,403
0,402
0,401
0,400
0,399
0,398
0,397
30,4
30,3
30,2
30,1
30,0
0,396
0,395
0,394
0,393
0,392
0,391
0,390
0,389
0,388
29,4
29,3
29,2
29,1
29,0
0,278
0,387
0,386
0,385
0,384
0,319
0,318
0,273
0,270
28,4
28,3
28,2
28,1
28,0
0,317
0,316
26,4
27,3
27,2
27,1
27,0
26,3
26,2
26,1
26,0
0,283
25,3
25,2
25,1
25,0
24,3
24,2
0,9
24,1
24,0
3,2
10,106
10,132
10,66
10,32
10,2
10,3
11,6
11,2
11,3
9,4
9,6
9,2
9,3
8,10
8,5
8,9
8,6
8,4
8,2
8,3
12,2
12,1
12,3
11,30
11,29
11,28
11,27
11,26
11,25
11,24
11,23
11,22
11,1
11,21
10,315
10,314
10,313
10,312
10,311
10,310
10,309
10,308
10,307
10,306
10,305
10,304
10,303
10,302
10,301
10,300
10,299
10,298
10,297
10,296
10,295
